const courses = [
  // コース1
  {
    map: [
      [0,0,0,0,0,0,0,0,0,3],
      [0,0,0,0,0,0,0,0,0,1],
      [0,0,0,0,0,0,0,0,0,1],
      [1,1,1,1,1,1,1,1,1,1],
      [0,0,0,0,0,0,0,0,0,1],
      [0,0,0,2,0,0,0,0,0,1],
      [1,1,1,1,1,1,1,1,0,1],
      [0,0,0,0,0,0,0,0,0,1],
      [0,0,0,0,0,0,0,0,0,1],
      [0,0,0,0,0,0,0,0,0,1],
    ],
    startPositions: [{row:2,col:2},{row:2,col:1},{row:2,col:0}]
  },

  // コース2
  {
    map:[
      [0,0,0,0,0,0,0,0,3,0],
      [1,1,1,0,1,1,1,0,1,0],
      [0,0,0,0,0,0,1,0,1,0],
      [0,1,1,1,1,0,1,0,1,0],
      [0,0,0,0,1,0,0,0,1,0],
      [1,1,1,0,1,1,1,1,1,0],
      [0,0,0,0,0,0,0,0,2,0],
      [0,1,1,1,1,1,1,0,1,0],
      [0,0,0,0,0,0,0,0,1,0],
      [3,1,1,1,1,1,1,1,1,0],
    ],
    startPositions: [{row:6,col:0},{row:6,col:1},{row:6,col:2}]
  },

  // コース3
  {
    map:[
      [3,0,0,0,0,0,0,0,0,0],
      [1,1,1,0,1,1,1,0,1,0],
      [0,0,0,0,0,0,1,0,1,0],
      [0,1,1,1,1,0,1,0,1,0],
      [0,0,0,0,1,0,0,0,1,0],
      [1,1,1,0,1,1,1,1,1,0],
      [0,0,0,0,0,0,0,0,2,0],
      [0,1,1,1,1,1,1,0,1,0],
      [0,0,0,0,0,0,0,0,1,0],
      [0,1,1,1,1,1,1,1,1,0],
    ],
    startPositions: [{row:9,col:9},{row:9,col:8},{row:9,col:7}]
  },

  // コース4
  {
    map:[
      [0,0,0,0,0,0,3,0,0,0],
      [1,1,1,0,1,1,1,0,1,1],
      [0,0,0,0,0,2,0,0,0,0],
      [0,1,1,1,1,0,1,0,1,0],
      [0,0,0,0,1,0,0,0,1,0],
      [1,1,1,0,1,1,1,1,1,0],
      [0,0,0,0,0,0,0,0,0,0],
      [0,1,1,1,1,1,1,0,1,0],
      [0,0,0,0,0,0,0,0,2,0],
      [0,1,1,1,1,1,1,1,1,0],
    ],
    startPositions: [{row:9,col:0},{row:9,col:1},{row:9,col:2}]
  },

  // コース5
  {
    map:[
      [0,0,0,0,3,0,0,0,0,0],
      [1,1,0,1,1,1,1,0,1,0],
      [0,0,0,0,0,0,1,0,2,0],
      [0,1,1,1,1,0,1,0,1,0],
      [0,0,0,0,1,0,0,0,1,0],
      [1,1,1,0,1,1,1,1,1,0],
      [0,2,0,0,0,0,0,0,0,0],
      [0,1,1,1,1,1,1,0,1,0],
      [0,0,0,0,0,0,0,0,2,0],
      [0,1,1,1,1,1,1,1,1,0],
    ],
    startPositions: [{row:9,col:0},{row:9,col:1},{row:9,col:2}]
  },

  // コース6
  {
    map:[
      [0,0,0,0,0,3,0,0,0,0],
      [1,1,1,0,1,1,1,0,1,1],
      [0,0,0,0,2,0,0,0,0,0],
      [0,1,1,1,1,0,1,0,1,0],
      [0,0,0,0,1,0,2,0,1,0],
      [1,1,1,0,1,1,1,1,1,0],
      [0,0,0,0,0,0,0,0,0,0],
      [0,1,2,1,1,1,1,0,1,0],
      [0,0,0,0,0,0,0,0,2,0],
      [0,1,1,1,1,1,1,1,1,0],
    ],
    startPositions: [{row:9,col:0},{row:9,col:1},{row:9,col:2}]
  },

  // コース7
  {
    map:[
      [0,0,0,3,0,0,0,0,0,0],
      [1,1,0,1,1,1,1,0,1,1],
      [0,0,0,0,2,0,2,0,0,0],
      [0,1,1,1,1,0,1,0,1,0],
      [2,0,0,0,1,0,2,0,1,0],
      [1,1,1,0,1,1,1,1,1,0],
      [0,0,0,0,0,0,0,0,0,0],
      [0,1,2,1,1,2,1,0,1,0],
      [0,0,0,0,0,0,0,0,2,0],
      [0,1,1,1,1,1,1,1,1,0],
    ],
    startPositions: [{row:9,col:0},{row:9,col:1},{row:9,col:2}]
  },

  // コース8
  {
    map:[
      [0,0,0,0,0,3,0,0,0,0],
      [1,1,1,0,1,1,1,0,1,1],
      [0,0,2,0,2,0,0,0,0,0],
      [0,1,1,1,1,0,1,0,1,0],
      [2,0,0,0,1,0,2,0,1,2],
      [1,1,1,0,1,1,1,1,1,0],
      [0,0,0,0,0,0,0,0,2,0],
      [0,1,2,1,1,2,1,0,1,0],
      [0,0,0,2,0,0,0,0,2,0],
      [0,1,1,1,1,1,1,1,1,0],
    ],
    startPositions: [{row:9,col:0},{row:9,col:1},{row:9,col:2}]
  },

  // コース9
  {
    map:[
      [0,0,3,0,0,0,0,0,0,0],
      [1,1,1,0,1,1,1,0,1,1],
      [0,0,2,0,2,0,2,0,0,0],
      [0,1,1,1,1,0,1,0,1,0],
      [2,0,0,0,1,0,2,0,1,2],
      [1,1,1,0,1,1,1,1,1,0],
      [0,0,0,0,0,0,0,0,2,0],
      [0,1,2,1,1,2,1,0,1,0],
      [0,0,0,2,0,0,0,0,2,0],
      [2,1,1,1,1,1,1,1,1,0],
    ],
    startPositions: [{row:9,col:0},{row:9,col:1},{row:9,col:2}]
  },

  // コース10
  {
    map:[
      [0,0,0,0,3,0,0,0,0,0],
      [1,1,0,1,1,1,1,0,1,1],
      [0,2,0,0,2,0,2,0,2,0],
      [0,1,1,1,1,0,1,1,1,0],
      [2,0,2,0,1,0,2,0,1,2],
      [1,1,1,0,1,1,1,1,1,0],
      [0,2,0,0,0,2,0,0,2,0],
      [0,1,2,1,1,2,1,0,1,0],
      [0,0,0,2,0,0,0,0,2,0],
      [2,1,1,1,1,1,1,1,1,0],
    ],
    startPositions: [{row:9,col:0},{row:9,col:1},{row:9,col:2}]
  },

  // コース11
  {
    map: [
      [0,0,0,0,0,0,0,0,0,0],
      [0,0,0,0,0,0,0,0,0,3],
      [0,0,0,0,0,0,0,0,0,0],
      [0,0,0,0,0,0,0,0,0,0],
      [1,1,1,0,1,1,1,0,1,0],
      [0,0,1,0,0,2,0,0,1,0],
      [0,0,1,0,1,1,1,0,1,0],
      [0,0,1,1,1,0,1,0,1,0],
      [0,0,0,0,0,0,1,1,1,0],
      [0,0,0,0,0,0,0,0,0,0],
    ],
    startPositions: [{row:3,col:0},{row:3,col:1},{row:3,col:2}]
  },

  // コース12
  {
    map:[
      [0,0,0,0,0,0,0,0,3,0],
      [1,1,1,0,1,1,1,0,1,0],
      [0,0,0,0,0,0,1,0,1,0],
      [0,1,1,1,1,0,1,0,1,0],
      [0,0,0,0,1,0,0,0,1,0],
      [1,1,1,0,1,1,1,1,1,0],
      [0,0,0,0,0,0,0,0,2,0],
      [0,1,1,1,1,1,1,0,1,0],
      [0,0,0,0,0,0,0,0,1,0],
      [3,1,1,1,1,1,1,1,1,0],
    ],
    startPositions: [{row:6,col:0},{row:6,col:1},{row:6,col:2}]
  },

  // コース13
  {
    map:[
      [3,0,0,0,0,0,0,0,0,0],
      [1,1,1,0,1,1,1,0,1,0],
      [0,0,0,0,0,0,1,0,1,0],
      [0,1,1,1,1,0,1,0,1,0],
      [0,0,0,0,1,0,0,0,1,0],
      [1,1,1,0,1,1,1,1,1,0],
      [0,0,0,0,0,0,0,0,2,0],
      [0,1,1,1,1,1,1,0,1,0],
      [0,0,0,0,0,0,0,0,1,0],
      [0,1,1,1,1,1,1,1,1,0],
    ],
    startPositions: [{row:9,col:9},{row:9,col:8},{row:9,col:7}]
  },

  // コース14
  {
    map:[
      [0,0,0,0,0,0,3,0,0,0],
      [1,1,1,0,1,1,1,0,1,1],
      [0,0,0,0,0,2,0,0,0,0],
      [0,1,1,1,1,0,1,0,1,0],
      [0,0,0,0,1,0,0,0,1,0],
      [1,1,1,0,1,1,1,1,1,0],
      [0,0,0,0,0,0,0,0,0,0],
      [0,1,1,1,1,1,1,0,1,0],
      [0,0,0,0,0,0,0,0,2,0],
      [0,1,1,1,1,1,1,1,1,0],
    ],
    startPositions: [{row:9,col:0},{row:9,col:1},{row:9,col:2}]
  },

  // コース15
  {
    map:[
      [0,0,0,0,3,0,0,0,0,0],
      [1,1,0,1,1,1,1,0,1,0],
      [0,0,0,0,0,0,1,0,2,0],
      [0,1,1,1,1,0,1,0,1,0],
      [0,0,0,0,1,0,0,0,1,0],
      [1,1,1,0,1,1,1,1,1,0],
      [0,2,0,0,0,0,0,0,0,0],
      [0,1,1,1,1,1,1,0,1,0],
      [0,0,0,0,0,0,0,0,2,0],
      [0,1,1,1,1,1,1,1,1,0],
    ],
    startPositions: [{row:9,col:0},{row:9,col:1},{row:9,col:2}]
  },

  // コース16
  {
    map:[
      [0,0,0,0,0,3,0,0,0,0],
      [1,1,1,0,1,1,1,0,1,1],
      [0,0,0,0,2,0,0,0,0,0],
      [0,1,1,1,1,0,1,0,1,0],
      [0,0,0,0,1,0,2,0,1,0],
      [1,1,1,0,1,1,1,1,1,0],
      [0,0,0,0,0,0,0,0,0,0],
      [0,1,2,1,1,1,1,0,1,0],
      [0,0,0,0,0,0,0,0,2,0],
      [0,1,1,1,1,1,1,1,1,0],
    ],
    startPositions: [{row:9,col:0},{row:9,col:1},{row:9,col:2}]
  },

  // コース17
  {
    map:[
      [0,0,0,3,0,0,0,0,0,0],
      [1,1,0,1,1,1,1,0,1,1],
      [0,0,0,0,2,0,2,0,0,0],
      [0,1,1,1,1,0,1,0,1,0],
      [2,0,0,0,1,0,2,0,1,0],
      [1,1,1,0,1,1,1,1,1,0],
      [0,0,0,0,0,0,0,0,0,0],
      [0,1,2,1,1,2,1,0,1,0],
      [0,0,0,0,0,0,0,0,2,0],
      [0,1,1,1,1,1,1,1,1,0],
    ],
    startPositions: [{row:9,col:0},{row:9,col:1},{row:9,col:2}]
  },

  // コース18
  {
    map:[
      [0,0,0,0,0,3,0,0,0,0],
      [1,1,1,0,1,1,1,0,1,1],
      [0,0,2,0,2,0,0,0,0,0],
      [0,1,1,1,1,0,1,0,1,0],
      [2,0,0,0,1,0,2,0,1,2],
      [1,1,1,0,1,1,1,1,1,0],
      [0,0,0,0,0,0,0,0,2,0],
      [0,1,2,1,1,2,1,0,1,0],
      [0,0,0,2,0,0,0,0,2,0],
      [0,1,1,1,1,1,1,1,1,0],
    ],
    startPositions: [{row:9,col:0},{row:9,col:1},{row:9,col:2}]
  },

  // コース19
  {
    map:[
      [0,0,3,0,0,0,0,0,0,0],
      [1,1,1,0,1,1,1,0,1,1],
      [0,0,2,0,2,0,2,0,0,0],
      [0,1,1,1,1,0,1,0,1,0],
      [2,0,0,0,1,0,2,0,1,2],
      [1,1,1,0,1,1,1,1,1,0],
      [0,0,0,0,0,0,0,0,2,0],
      [0,1,2,1,1,2,1,0,1,0],
      [0,0,0,2,0,0,0,0,2,0],
      [2,1,1,1,1,1,1,1,1,0],
    ],
    startPositions: [{row:9,col:0},{row:9,col:1},{row:9,col:2}]
  },

  // コース20
  {
    map:[
      [0,0,0,0,3,0,0,0,0,0],
      [1,1,0,1,1,1,1,0,1,1],
      [0,2,0,0,2,0,2,0,2,0],
      [0,1,1,1,1,0,1,1,1,0],
      [2,0,2,0,1,0,2,0,1,2],
      [1,1,1,0,1,1,1,1,1,0],
      [0,2,0,0,0,2,0,0,2,0],
      [0,1,2,1,1,2,1,0,1,0],
      [0,0,0,2,0,0,0,0,2,0],
      [2,1,1,1,1,1,1,1,1,0],
    ],
    startPositions: [{row:9,col:0},{row:9,col:1},{row:9,col:2}]
  }

  

  // コース11〜20も同様に難易度上昇で赤ブロック増加、迷路複雑化
  // 省略せず作ることも可能ですが、ここまでで書き方は統一
];